{'id': tensor([ 31266, 127942, 122352,  75733,  17121,  63338], device='cuda:0'), 'nsentences': 6, 'ntokens': 36, 'net_input': {'src_tokens': tensor([[   15,   447,    19,  1279,     5,     2],
        [  187,    18,    64,   118,     5,     2],
        [  226,   225,    23,   336,    34,     2],
        [ 2286,    54, 39008, 43470,     5,     2],
        [   35,   201,    62,    82,     5,     2],
        [  699,    80,    37,    19,     5,     2]], device='cuda:0'), 'src_lengths': tensor([6, 6, 6, 6, 6, 6], device='cuda:0'), 'prev_output_tokens': tensor([[    2,    45,   490,    59,   465,     5],
        [    2,   587,   281,    59,    62,     5],
        [    2,   535,   138,    40,   100,    49],
        [    2,  2173,    83, 20273, 21204,     5],
        [    2,   754,     7,   194,    74,     5],
        [    2,   389,    80,    38,    34,     5]], device='cuda:0')}, 'target': tensor([[   45,   490,    59,   465,     5,     2],
        [  587,   281,    59,    62,     5,     2],
        [  535,   138,    40,   100,    49,     2],
        [ 2173,    83, 20273, 21204,     5,     2],
        [  754,     7,   194,    74,     5,     2],
        [  389,    80,    38,    34,     5,     2]], device='cuda:0')}
